1	北京市	-1	110000
35	北京市	1	110000
404	东城区	35	110101
405	西城区	35	110102
406	朝阳区	35	110105
407	丰台区	35	110106
408	石景山区	35	110107
409	海淀区	35	110108
410	门头沟区	35	110109
411	房山区	35	110111
412	通州区	35	110112
413	顺义区	35	110113
414	昌平区	35	110114
415	大兴区	35	110115
416	怀柔区	35	110116
417	平谷区	35	110117
418	密云区	35	110118
419	延庆区	35	110119
2	天津市	-1	120000
36	天津市	2	120000
420	和平区	36	120101
421	河东区	36	120102
422	河西区	36	120103
423	南开区	36	120104
424	河北区	36	120105
425	红桥区	36	120106
426	东丽区	36	120110
427	西青区	36	120111
428	津南区	36	120112
429	北辰区	36	120113
430	武清区	36	120114
431	宝坻区	36	120115
432	滨海新区	36	120116
433	宁河区	36	120117
434	静海区	36	120118
435	蓟州区	36	120119
3	河北省	-1	130000
37	石家庄市	3	130100
436	长安区	37	130102
437	桥西区	37	130104
438	新华区	37	130105
439	井陉矿区	37	130107
440	裕华区	37	130108
441	藁城区	37	130109
442	鹿泉区	37	130110
443	栾城区	37	130111
444	井陉县	37	130121
445	正定县	37	130123
446	行唐县	37	130125
447	灵寿县	37	130126
448	高邑县	37	130127
449	深泽县	37	130128
450	赞皇县	37	130129
451	无极县	37	130130
452	平山县	37	130131
453	元氏县	37	130132
454	赵县	37	130133
455	辛集市	37	130181
456	晋州市	37	130183
457	新乐市	37	130184
38	唐山市	3	130200
458	路南区	38	130202
459	路北区	38	130203
460	古冶区	38	130204
461	开平区	38	130205
462	丰南区	38	130207
463	丰润区	38	130208
464	曹妃甸区	38	130209
465	滦南县	38	130224
466	乐亭县	38	130225
467	迁西县	38	130227
468	玉田县	38	130229
469	遵化市	38	130281
470	迁安市	38	130283
471	滦州市	38	130284
39	秦皇岛市	3	130300
472	海港区	39	130302
473	山海关区	39	130303
474	北戴河区	39	130304
475	抚宁区	39	130306
476	青龙满族自治县	39	130321
477	昌黎县	39	130322
478	卢龙县	39	130324
40	邯郸市	3	130400
479	邯山区	40	130402
480	丛台区	40	130403
481	复兴区	40	130404
482	峰峰矿区	40	130406
483	肥乡区	40	130407
484	永年区	40	130408
485	临漳县	40	130423
486	成安县	40	130424
487	大名县	40	130425
488	涉县	40	130426
489	磁县	40	130427
490	邱县	40	130430
491	鸡泽县	40	130431
492	广平县	40	130432
493	馆陶县	40	130433
494	魏县	40	130434
495	曲周县	40	130435
496	武安市	40	130481
41	邢台市	3	130500
497	桥东区	41	130502
498	桥西区	41	130503
499	邢台县	41	130521
500	临城县	41	130522
501	内丘县	41	130523
502	柏乡县	41	130524
503	隆尧县	41	130525
504	任县	41	130526
505	南和县	41	130527
506	宁晋县	41	130528
507	巨鹿县	41	130529
508	新河县	41	130530
509	广宗县	41	130531
510	平乡县	41	130532
511	威县	41	130533
512	清河县	41	130534
513	临西县	41	130535
514	南宫市	41	130581
515	沙河市	41	130582
42	保定市	3	130600
516	竞秀区	42	130602
517	莲池区	42	130606
518	满城区	42	130607
519	清苑区	42	130608
520	徐水区	42	130609
521	涞水县	42	130623
522	阜平县	42	130624
523	定兴县	42	130626
524	唐县	42	130627
525	高阳县	42	130628
526	容城县	42	130629
527	涞源县	42	130630
528	望都县	42	130631
529	安新县	42	130632
530	易县	42	130633
531	曲阳县	42	130634
532	蠡县	42	130635
533	顺平县	42	130636
534	博野县	42	130637
535	雄县	42	130638
536	涿州市	42	130681
537	定州市	42	130682
538	安国市	42	130683
539	高碑店市	42	130684
43	张家口市	3	130700
540	桥东区	43	130702
541	桥西区	43	130703
542	宣化区	43	130705
543	下花园区	43	130706
544	万全区	43	130708
545	崇礼区	43	130709
546	张北县	43	130722
547	康保县	43	130723
548	沽源县	43	130724
549	尚义县	43	130725
550	蔚县	43	130726
551	阳原县	43	130727
552	怀安县	43	130728
553	怀来县	43	130730
554	涿鹿县	43	130731
555	赤城县	43	130732
44	承德市	3	130800
556	双桥区	44	130802
557	双滦区	44	130803
558	鹰手营子矿区	44	130804
559	承德县	44	130821
560	兴隆县	44	130822
561	滦平县	44	130824
562	隆化县	44	130825
563	丰宁满族自治县	44	130826
564	宽城满族自治县	44	130827
565	围场满族蒙古族自治县	44	130828
566	平泉市	44	130881
45	沧州市	3	130900
567	新华区	45	130902
568	运河区	45	130903
569	沧县	45	130921
570	青县	45	130922
571	东光县	45	130923
572	海兴县	45	130924
573	盐山县	45	130925
574	肃宁县	45	130926
575	南皮县	45	130927
576	吴桥县	45	130928
577	献县	45	130929
578	孟村回族自治县	45	130930
579	泊头市	45	130981
580	任丘市	45	130982
581	黄骅市	45	130983
582	河间市	45	130984
46	廊坊市	3	131000
583	安次区	46	131002
584	广阳区	46	131003
585	固安县	46	131022
586	永清县	46	131023
587	香河县	46	131024
588	大城县	46	131025
589	文安县	46	131026
590	大厂回族自治县	46	131028
591	霸州市	46	131081
592	三河市	46	131082
47	衡水市	3	131100
593	桃城区	47	131102
594	冀州区	47	131103
595	枣强县	47	131121
596	武邑县	47	131122
597	武强县	47	131123
598	饶阳县	47	131124
599	安平县	47	131125
600	故城县	47	131126
601	景县	47	131127
602	阜城县	47	131128
603	深州市	47	131182
4	山西省	-1	140000
48	太原市	4	140100
604	小店区	48	140105
605	迎泽区	48	140106
606	杏花岭区	48	140107
607	尖草坪区	48	140108
608	万柏林区	48	140109
609	晋源区	48	140110
610	清徐县	48	140121
611	阳曲县	48	140122
612	娄烦县	48	140123
613	古交市	48	140181
49	大同市	4	140200
614	新荣区	49	140212
615	平城区	49	140213
616	云冈区	49	140214
617	云州区	49	140215
618	阳高县	49	140221
619	天镇县	49	140222
620	广灵县	49	140223
621	灵丘县	49	140224
622	浑源县	49	140225
623	左云县	49	140226
50	阳泉市	4	140300
624	城区	50	140302
625	矿区	50	140303
626	郊区	50	140311
627	平定县	50	140321
628	盂县	50	140322
51	长治市	4	140400
629	潞州区	51	140403
630	上党区	51	140404
631	屯留区	51	140405
632	潞城区	51	140406
633	襄垣县	51	140423
634	平顺县	51	140425
635	黎城县	51	140426
636	壶关县	51	140427
637	长子县	51	140428
638	武乡县	51	140429
639	沁县	51	140430
640	沁源县	51	140431
52	晋城市	4	140500
641	城区	52	140502
642	沁水县	52	140521
643	阳城县	52	140522
644	陵川县	52	140524
645	泽州县	52	140525
646	高平市	52	140581
53	朔州市	4	140600
647	朔城区	53	140602
648	平鲁区	53	140603
649	山阴县	53	140621
650	应县	53	140622
651	右玉县	53	140623
652	怀仁市	53	140681
54	晋中市	4	140700
653	榆次区	54	140702
654	榆社县	54	140721
655	左权县	54	140722
656	和顺县	54	140723
657	昔阳县	54	140724
658	寿阳县	54	140725
659	太谷县	54	140726
660	祁县	54	140727
661	平遥县	54	140728
662	灵石县	54	140729
663	介休市	54	140781
55	运城市	4	140800
664	盐湖区	55	140802
665	临猗县	55	140821
666	万荣县	55	140822
667	闻喜县	55	140823
668	稷山县	55	140824
669	新绛县	55	140825
670	绛县	55	140826
671	垣曲县	55	140827
672	夏县	55	140828
673	平陆县	55	140829
674	芮城县	55	140830
675	永济市	55	140881
676	河津市	55	140882
56	忻州市	4	140900
677	忻府区	56	140902
678	定襄县	56	140921
679	五台县	56	140922
680	代县	56	140923
681	繁峙县	56	140924
682	宁武县	56	140925
683	静乐县	56	140926
684	神池县	56	140927
685	五寨县	56	140928
686	岢岚县	56	140929
687	河曲县	56	140930
688	保德县	56	140931
689	偏关县	56	140932
690	原平市	56	140981
57	临汾市	4	141000
691	尧都区	57	141002
692	曲沃县	57	141021
693	翼城县	57	141022
694	襄汾县	57	141023
695	洪洞县	57	141024
696	古县	57	141025
697	安泽县	57	141026
698	浮山县	57	141027
699	吉县	57	141028
700	乡宁县	57	141029
701	大宁县	57	141030
702	隰县	57	141031
703	永和县	57	141032
704	蒲县	57	141033
705	汾西县	57	141034
706	侯马市	57	141081
707	霍州市	57	141082
58	吕梁市	4	141100
708	离石区	58	141102
709	文水县	58	141121
710	交城县	58	141122
711	兴县	58	141123
712	临县	58	141124
713	柳林县	58	141125
714	石楼县	58	141126
715	岚县	58	141127
716	方山县	58	141128
717	中阳县	58	141129
718	交口县	58	141130
719	孝义市	58	141181
720	汾阳市	58	141182
5	内蒙古自治区	-1	150000
59	呼和浩特市	5	150100
721	新城区	59	150102
722	回民区	59	150103
723	玉泉区	59	150104
724	赛罕区	59	150105
725	土默特左旗	59	150121
726	托克托县	59	150122
727	和林格尔县	59	150123
728	清水河县	59	150124
729	武川县	59	150125
60	包头市	5	150200
730	东河区	60	150202
731	昆都仑区	60	150203
732	青山区	60	150204
733	石拐区	60	150205
734	白云鄂博矿区	60	150206
735	九原区	60	150207
736	土默特右旗	60	150221
737	固阳县	60	150222
738	达尔罕茂明安联合旗	60	150223
61	乌海市	5	150300
739	海勃湾区	61	150302
740	海南区	61	150303
741	乌达区	61	150304
62	赤峰市	5	150400
742	红山区	62	150402
743	元宝山区	62	150403
744	松山区	62	150404
745	阿鲁科尔沁旗	62	150421
746	巴林左旗	62	150422
747	巴林右旗	62	150423
748	林西县	62	150424
749	克什克腾旗	62	150425
750	翁牛特旗	62	150426
751	喀喇沁旗	62	150428
752	宁城县	62	150429
753	敖汉旗	62	150430
63	通辽市	5	150500
754	科尔沁区	63	150502
755	科尔沁左翼中旗	63	150521
756	科尔沁左翼后旗	63	150522
757	开鲁县	63	150523
758	库伦旗	63	150524
759	奈曼旗	63	150525
760	扎鲁特旗	63	150526
761	霍林郭勒市	63	150581
64	鄂尔多斯市	5	150600
762	东胜区	64	150602
763	康巴什区	64	150603
764	达拉特旗	64	150621
765	准格尔旗	64	150622
766	鄂托克前旗	64	150623
767	鄂托克旗	64	150624
768	杭锦旗	64	150625
769	乌审旗	64	150626
770	伊金霍洛旗	64	150627
65	呼伦贝尔市	5	150700
771	海拉尔区	65	150702
772	扎赉诺尔区	65	150703
773	阿荣旗	65	150721
774	莫力达瓦达斡尔族自治旗	65	150722
775	鄂伦春自治旗	65	150723
776	鄂温克族自治旗	65	150724
777	陈巴尔虎旗	65	150725
778	新巴尔虎左旗	65	150726
779	新巴尔虎右旗	65	150727
780	满洲里市	65	150781
781	牙克石市	65	150782
782	扎兰屯市	65	150783
783	额尔古纳市	65	150784
784	根河市	65	150785
66	巴彦淖尔市	5	150800
785	临河区	66	150802
786	五原县	66	150821
787	磴口县	66	150822
788	乌拉特前旗	66	150823
789	乌拉特中旗	66	150824
790	乌拉特后旗	66	150825
791	杭锦后旗	66	150826
67	乌兰察布市	5	150900
792	集宁区	67	150902
793	卓资县	67	150921
794	化德县	67	150922
795	商都县	67	150923
796	兴和县	67	150924
797	凉城县	67	150925
798	察哈尔右翼前旗	67	150926
799	察哈尔右翼中旗	67	150927
800	察哈尔右翼后旗	67	150928
801	四子王旗	67	150929
802	丰镇市	67	150981
68	兴安盟	5	152200
803	乌兰浩特市	68	152201
804	阿尔山市	68	152202
805	科尔沁右翼前旗	68	152221
806	科尔沁右翼中旗	68	152222
807	扎赉特旗	68	152223
808	突泉县	68	152224
69	锡林郭勒盟	5	152500
809	二连浩特市	69	152501
810	锡林浩特市	69	152502
811	阿巴嘎旗	69	152522
812	苏尼特左旗	69	152523
813	苏尼特右旗	69	152524
814	东乌珠穆沁旗	69	152525
815	西乌珠穆沁旗	69	152526
816	太仆寺旗	69	152527
817	镶黄旗	69	152528
818	正镶白旗	69	152529
819	正蓝旗	69	152530
820	多伦县	69	152531
70	阿拉善盟	5	152900
821	阿拉善左旗	70	152921
822	阿拉善右旗	70	152922
823	额济纳旗	70	152923
6	辽宁省	-1	210000
71	沈阳市	6	210100
824	和平区	71	210102
825	沈河区	71	210103
826	大东区	71	210104
827	皇姑区	71	210105
828	铁西区	71	210106
829	苏家屯区	71	210111
830	浑南区	71	210112
831	沈北新区	71	210113
832	于洪区	71	210114
833	辽中区	71	210115
834	康平县	71	210123
835	法库县	71	210124
836	新民市	71	210181
72	大连市	6	210200
837	中山区	72	210202
838	西岗区	72	210203
839	沙河口区	72	210204
840	甘井子区	72	210211
841	旅顺口区	72	210212
842	金州区	72	210213
843	普兰店区	72	210214
844	长海县	72	210224
845	瓦房店市	72	210281
846	庄河市	72	210283
73	鞍山市	6	210300
847	铁东区	73	210302
848	铁西区	73	210303
849	立山区	73	210304
850	千山区	73	210311
851	台安县	73	210321
852	岫岩满族自治县	73	210323
853	海城市	73	210381
74	抚顺市	6	210400
854	新抚区	74	210402
855	东洲区	74	210403
856	望花区	74	210404
857	顺城区	74	210411
858	抚顺县	74	210421
859	新宾满族自治县	74	210422
860	清原满族自治县	74	210423
75	本溪市	6	210500
861	平山区	75	210502
862	溪湖区	75	210503
863	明山区	75	210504
864	南芬区	75	210505
865	本溪满族自治县	75	210521
866	桓仁满族自治县	75	210522
76	丹东市	6	210600
867	元宝区	76	210602
868	振兴区	76	210603
869	振安区	76	210604
870	宽甸满族自治县	76	210624
871	东港市	76	210681
872	凤城市	76	210682
77	锦州市	6	210700
873	古塔区	77	210702
874	凌河区	77	210703
875	太和区	77	210711
876	黑山县	77	210726
877	义县	77	210727
878	凌海市	77	210781
879	北镇市	77	210782
78	营口市	6	210800
880	站前区	78	210802
881	西市区	78	210803
882	鲅鱼圈区	78	210804
883	老边区	78	210811
884	盖州市	78	210881
885	大石桥市	78	210882
79	阜新市	6	210900
886	海州区	79	210902
887	新邱区	79	210903
888	太平区	79	210904
889	清河门区	79	210905
890	细河区	79	210911
891	阜新蒙古族自治县	79	210921
892	彰武县	79	210922
80	辽阳市	6	211000
893	白塔区	80	211002
894	文圣区	80	211003
895	宏伟区	80	211004
896	弓长岭区	80	211005
897	太子河区	80	211011
898	辽阳县	80	211021
899	灯塔市	80	211081
81	盘锦市	6	211100
900	双台子区	81	211102
901	兴隆台区	81	211103
902	大洼区	81	211104
903	盘山县	81	211122
82	铁岭市	6	211200
904	银州区	82	211202
905	清河区	82	211204
906	铁岭县	82	211221
907	西丰县	82	211223
908	昌图县	82	211224
909	调兵山市	82	211281
910	开原市	82	211282
83	朝阳市	6	211300
911	双塔区	83	211302
912	龙城区	83	211303
913	朝阳县	83	211321
914	建平县	83	211322
915	喀喇沁左翼蒙古族自治县	83	211324
916	北票市	83	211381
917	凌源市	83	211382
84	葫芦岛市	6	211400
918	连山区	84	211402
919	龙港区	84	211403
920	南票区	84	211404
921	绥中县	84	211421
922	建昌县	84	211422
923	兴城市	84	211481
7	吉林省	-1	220000
85	长春市	7	220100
924	南关区	85	220102
925	宽城区	85	220103
926	朝阳区	85	220104
927	二道区	85	220105
928	绿园区	85	220106
929	双阳区	85	220112
930	九台区	85	220113
931	农安县	85	220122
932	榆树市	85	220182
933	德惠市	85	220183
86	吉林市	7	220200
934	昌邑区	86	220202
935	龙潭区	86	220203
936	船营区	86	220204
937	丰满区	86	220211
938	永吉县	86	220221
939	蛟河市	86	220281
940	桦甸市	86	220282
941	舒兰市	86	220283
942	磐石市	86	220284
87	四平市	7	220300
943	铁西区	87	220302
944	铁东区	87	220303
945	梨树县	87	220322
946	伊通满族自治县	87	220323
947	公主岭市	87	220381
948	双辽市	87	220382
88	辽源市	7	220400
949	龙山区	88	220402
950	西安区	88	220403
951	东丰县	88	220421
952	东辽县	88	220422
89	通化市	7	220500
953	东昌区	89	220502
954	二道江区	89	220503
955	通化县	89	220521
956	辉南县	89	220523
957	柳河县	89	220524
958	梅河口市	89	220581
959	集安市	89	220582
90	白山市	7	220600
960	浑江区	90	220602
961	江源区	90	220605
962	抚松县	90	220621
963	靖宇县	90	220622
964	长白朝鲜族自治县	90	220623
965	临江市	90	220681
91	松原市	7	220700
966	宁江区	91	220702
967	前郭尔罗斯蒙古族自治县	91	220721
968	长岭县	91	220722
969	乾安县	91	220723
970	扶余市	91	220781
92	白城市	7	220800
971	洮北区	92	220802
972	镇赉县	92	220821
973	通榆县	92	220822
974	洮南市	92	220881
975	大安市	92	220882
93	延边朝鲜族自治州	7	222400
976	延吉市	93	222401
977	图们市	93	222402
978	敦化市	93	222403
979	珲春市	93	222404
980	龙井市	93	222405
981	和龙市	93	222406
982	汪清县	93	222424
983	安图县	93	222426
8	黑龙江省	-1	230000
94	哈尔滨市	8	230100
984	道里区	94	230102
985	南岗区	94	230103
986	道外区	94	230104
987	平房区	94	230108
988	松北区	94	230109
989	香坊区	94	230110
990	呼兰区	94	230111
991	阿城区	94	230112
992	双城区	94	230113
993	依兰县	94	230123
994	方正县	94	230124
995	宾县	94	230125
996	巴彦县	94	230126
997	木兰县	94	230127
998	通河县	94	230128
999	延寿县	94	230129
1000	尚志市	94	230183
1001	五常市	94	230184
95	齐齐哈尔市	8	230200
1002	龙沙区	95	230202
1003	建华区	95	230203
1004	铁锋区	95	230204
1005	昂昂溪区	95	230205
1006	富拉尔基区	95	230206
1007	碾子山区	95	230207
1008	梅里斯达斡尔族区	95	230208
1009	龙江县	95	230221
1010	依安县	95	230223
1011	泰来县	95	230224
1012	甘南县	95	230225
1013	富裕县	95	230227
1014	克山县	95	230229
1015	克东县	95	230230
1016	拜泉县	95	230231
1017	讷河市	95	230281
96	鸡西市	8	230300
1018	鸡冠区	96	230302
1019	恒山区	96	230303
1020	滴道区	96	230304
1021	梨树区	96	230305
1022	城子河区	96	230306
1023	麻山区	96	230307
1024	鸡东县	96	230321
1025	虎林市	96	230381
1026	密山市	96	230382
97	鹤岗市	8	230400
1027	向阳区	97	230402
1028	工农区	97	230403
1029	南山区	97	230404
1030	兴安区	97	230405
1031	东山区	97	230406
1032	兴山区	97	230407
1033	萝北县	97	230421
1034	绥滨县	97	230422
98	双鸭山市	8	230500
1035	尖山区	98	230502
1036	岭东区	98	230503
1037	四方台区	98	230505
1038	宝山区	98	230506
1039	集贤县	98	230521
1040	友谊县	98	230522
1041	宝清县	98	230523
1042	饶河县	98	230524
99	大庆市	8	230600
1043	萨尔图区	99	230602
1044	龙凤区	99	230603
1045	让胡路区	99	230604
1046	红岗区	99	230605
1047	大同区	99	230606
1048	肇州县	99	230621
1049	肇源县	99	230622
1050	林甸县	99	230623
1051	杜尔伯特蒙古族自治县	99	230624
100	伊春市	8	230700
1052	伊美区	100	230717
1053	乌翠区	100	230718
1054	友好区	100	230719
1055	嘉荫县	100	230722
1056	汤旺县	100	230723
1057	丰林县	100	230724
1058	大箐山县	100	230725
1059	南岔县	100	230726
1060	金林区	100	230751
1061	铁力市	100	230781
101	佳木斯市	8	230800
1062	向阳区	101	230803
1063	前进区	101	230804
1064	东风区	101	230805
1065	郊区	101	230811
1066	桦南县	101	230822
1067	桦川县	101	230826
1068	汤原县	101	230828
1069	同江市	101	230881
1070	富锦市	101	230882
1071	抚远市	101	230883
102	七台河市	8	230900
1072	新兴区	102	230902
1073	桃山区	102	230903
1074	茄子河区	102	230904
1075	勃利县	102	230921
103	牡丹江市	8	231000
1076	东安区	103	231002
1077	阳明区	103	231003
1078	爱民区	103	231004
1079	西安区	103	231005
1080	林口县	103	231025
1081	绥芬河市	103	231081
1082	海林市	103	231083
1083	宁安市	103	231084
1084	穆棱市	103	231085
1085	东宁市	103	231086
104	黑河市	8	231100
1086	爱辉区	104	231102
1087	嫩江县	104	231121
1088	逊克县	104	231123
1089	孙吴县	104	231124
1090	北安市	104	231181
1091	五大连池市	104	231182
105	绥化市	8	231200
1092	北林区	105	231202
1093	望奎县	105	231221
1094	兰西县	105	231222
1095	青冈县	105	231223
1096	庆安县	105	231224
1097	明水县	105	231225
1098	绥棱县	105	231226
1099	安达市	105	231281
1100	肇东市	105	231282
1101	海伦市	105	231283
106	大兴安岭地区	8	232700
1102	漠河市	106	232701
1103	呼玛县	106	232721
1104	塔河县	106	232722
9	上海市	-1	310000
107	上海市	9	310000
1105	黄浦区	107	310101
1106	徐汇区	107	310104
1107	长宁区	107	310105
1108	静安区	107	310106
1109	普陀区	107	310107
1110	虹口区	107	310109
1111	杨浦区	107	310110
1112	闵行区	107	310112
1113	宝山区	107	310113
1114	嘉定区	107	310114
1115	浦东新区	107	310115
1116	金山区	107	310116
1117	松江区	107	310117
1118	青浦区	107	310118
1119	奉贤区	107	310120
1120	崇明区	107	310151
10	江苏省	-1	320000
108	南京市	10	320100
1121	玄武区	108	320102
1122	秦淮区	108	320104
1123	建邺区	108	320105
1124	鼓楼区	108	320106
1125	浦口区	108	320111
1126	栖霞区	108	320113
1127	雨花台区	108	320114
1128	江宁区	108	320115
1129	六合区	108	320116
1130	溧水区	108	320117
1131	高淳区	108	320118
109	无锡市	10	320200
1132	锡山区	109	320205
1133	惠山区	109	320206
1134	滨湖区	109	320211
1135	梁溪区	109	320213
1136	新吴区	109	320214
1137	江阴市	109	320281
1138	宜兴市	109	320282
110	徐州市	10	320300
1139	鼓楼区	110	320302
1140	云龙区	110	320303
1141	贾汪区	110	320305
1142	泉山区	110	320311
1143	铜山区	110	320312
1144	丰县	110	320321
1145	沛县	110	320322
1146	睢宁县	110	320324
1147	新沂市	110	320381
1148	邳州市	110	320382
111	常州市	10	320400
1149	天宁区	111	320402
1150	钟楼区	111	320404
1151	新北区	111	320411
1152	武进区	111	320412
1153	金坛区	111	320413
1154	溧阳市	111	320481
112	苏州市	10	320500
1155	虎丘区	112	320505
1156	吴中区	112	320506
1157	相城区	112	320507
1158	姑苏区	112	320508
1159	吴江区	112	320509
1160	常熟市	112	320581
1161	张家港市	112	320582
1162	昆山市	112	320583
1163	太仓市	112	320585
113	南通市	10	320600
1164	崇川区	113	320602
1165	港闸区	113	320611
1166	通州区	113	320612
1167	如东县	113	320623
1168	启东市	113	320681
1169	如皋市	113	320682
1170	海门市	113	320684
1171	海安市	113	320685
114	连云港市	10	320700
1172	连云区	114	320703
1173	海州区	114	320706
1174	赣榆区	114	320707
1175	东海县	114	320722
1176	灌云县	114	320723
1177	灌南县	114	320724
115	淮安市	10	320800
1178	淮安区	115	320803
1179	淮阴区	115	320804
1180	清江浦区	115	320812
1181	洪泽区	115	320813
1182	涟水县	115	320826
1183	盱眙县	115	320830
1184	金湖县	115	320831
116	盐城市	10	320900
1185	亭湖区	116	320902
1186	盐都区	116	320903
1187	大丰区	116	320904
1188	响水县	116	320921
1189	滨海县	116	320922
1190	阜宁县	116	320923
1191	射阳县	116	320924
1192	建湖县	116	320925
1193	东台市	116	320981
117	扬州市	10	321000
1194	广陵区	117	321002
1195	邗江区	117	321003
1196	江都区	117	321012
1197	宝应县	117	321023
1198	仪征市	117	321081
1199	高邮市	117	321084
118	镇江市	10	321100
1200	京口区	118	321102
1201	润州区	118	321111
1202	丹徒区	118	321112
1203	丹阳市	118	321181
1204	扬中市	118	321182
1205	句容市	118	321183
119	泰州市	10	321200
1206	海陵区	119	321202
1207	高港区	119	321203
1208	姜堰区	119	321204
1209	兴化市	119	321281
1210	靖江市	119	321282
1211	泰兴市	119	321283
120	宿迁市	10	321300
1212	宿城区	120	321302
1213	宿豫区	120	321311
1214	沭阳县	120	321322
1215	泗阳县	120	321323
1216	泗洪县	120	321324
11	浙江省	-1	330000
121	杭州市	11	330100
1217	上城区	121	330102
1218	下城区	121	330103
1219	江干区	121	330104
1220	拱墅区	121	330105
1221	西湖区	121	330106
1222	滨江区	121	330108
1223	萧山区	121	330109
1224	余杭区	121	330110
1225	富阳区	121	330111
1226	临安区	121	330112
1227	桐庐县	121	330122
1228	淳安县	121	330127
1229	建德市	121	330182
122	宁波市	11	330200
1230	海曙区	122	330203
1231	江北区	122	330205
1232	北仑区	122	330206
1233	镇海区	122	330211
1234	鄞州区	122	330212
1235	奉化区	122	330213
1236	象山县	122	330225
1237	宁海县	122	330226
1238	余姚市	122	330281
1239	慈溪市	122	330282
123	温州市	11	330300
1240	鹿城区	123	330302
1241	龙湾区	123	330303
1242	瓯海区	123	330304
1243	洞头区	123	330305
1244	永嘉县	123	330324
1245	平阳县	123	330326
1246	苍南县	123	330327
1247	文成县	123	330328
1248	泰顺县	123	330329
1249	瑞安市	123	330381
1250	乐清市	123	330382
1251	龙港市	123	330383
124	嘉兴市	11	330400
1252	南湖区	124	330402
1253	秀洲区	124	330411
1254	嘉善县	124	330421
1255	海盐县	124	330424
1256	海宁市	124	330481
1257	平湖市	124	330482
1258	桐乡市	124	330483
125	湖州市	11	330500
1259	吴兴区	125	330502
1260	南浔区	125	330503
1261	德清县	125	330521
1262	长兴县	125	330522
1263	安吉县	125	330523
126	绍兴市	11	330600
1264	越城区	126	330602
1265	柯桥区	126	330603
1266	上虞区	126	330604
1267	新昌县	126	330624
1268	诸暨市	126	330681
1269	嵊州市	126	330683
127	金华市	11	330700
1270	婺城区	127	330702
1271	金东区	127	330703
1272	武义县	127	330723
1273	浦江县	127	330726
1274	磐安县	127	330727
1275	兰溪市	127	330781
1276	义乌市	127	330782
1277	东阳市	127	330783
1278	永康市	127	330784
128	衢州市	11	330800
1279	柯城区	128	330802
1280	衢江区	128	330803
1281	常山县	128	330822
1282	开化县	128	330824
1283	龙游县	128	330825
1284	江山市	128	330881
129	舟山市	11	330900
1285	定海区	129	330902
1286	普陀区	129	330903
1287	岱山县	129	330921
1288	嵊泗县	129	330922
130	台州市	11	331000
1289	椒江区	130	331002
1290	黄岩区	130	331003
1291	路桥区	130	331004
1292	三门县	130	331022
1293	天台县	130	331023
1294	仙居县	130	331024
1295	温岭市	130	331081
1296	临海市	130	331082
1297	玉环市	130	331083
131	丽水市	11	331100
1298	莲都区	131	331102
1299	青田县	131	331121
1300	缙云县	131	331122
1301	遂昌县	131	331123
1302	松阳县	131	331124
1303	云和县	131	331125
1304	庆元县	131	331126
1305	景宁畲族自治县	131	331127
1306	龙泉市	131	331181
12	安徽省	-1	340000
132	合肥市	12	340100
1307	瑶海区	132	340102
1308	庐阳区	132	340103
1309	蜀山区	132	340104
1310	包河区	132	340111
1311	长丰县	132	340121
1312	肥东县	132	340122
1313	肥西县	132	340123
1314	庐江县	132	340124
1315	巢湖市	132	340181
133	芜湖市	12	340200
1316	镜湖区	133	340202
1317	弋江区	133	340203
1318	鸠江区	133	340207
1319	三山区	133	340208
1320	芜湖县	133	340221
1321	繁昌县	133	340222
1322	南陵县	133	340223
1323	无为县	133	340225
134	蚌埠市	12	340300
1324	龙子湖区	134	340302
1325	蚌山区	134	340303
1326	禹会区	134	340304
1327	淮上区	134	340311
1328	怀远县	134	340321
1329	五河县	134	340322
1330	固镇县	134	340323
135	淮南市	12	340400
1331	大通区	135	340402
1332	田家庵区	135	340403
1333	谢家集区	135	340404
1334	八公山区	135	340405
1335	潘集区	135	340406
1336	凤台县	135	340421
1337	寿县	135	340422
136	马鞍山市	12	340500
1338	花山区	136	340503
1339	雨山区	136	340504
1340	博望区	136	340506
1341	当涂县	136	340521
1342	含山县	136	340522
1343	和县	136	340523
137	淮北市	12	340600
1344	杜集区	137	340602
1345	相山区	137	340603
1346	烈山区	137	340604
1347	濉溪县	137	340621
138	铜陵市	12	340700
1348	铜官区	138	340705
1349	义安区	138	340706
1350	郊区	138	340711
1351	枞阳县	138	340722
139	安庆市	12	340800
1352	迎江区	139	340802
1353	大观区	139	340803
1354	宜秀区	139	340811
1355	怀宁县	139	340822
1356	太湖县	139	340825
1357	宿松县	139	340826
1358	望江县	139	340827
1359	岳西县	139	340828
1360	桐城市	139	340881
1361	潜山市	139	340882
140	黄山市	12	341000
1362	屯溪区	140	341002
1363	黄山区	140	341003
1364	徽州区	140	341004
1365	歙县	140	341021
1366	休宁县	140	341022
1367	黟县	140	341023
1368	祁门县	140	341024
141	滁州市	12	341100
1369	琅琊区	141	341102
1370	南谯区	141	341103
1371	来安县	141	341122
1372	全椒县	141	341124
1373	定远县	141	341125
1374	凤阳县	141	341126
1375	天长市	141	341181
1376	明光市	141	341182
142	阜阳市	12	341200
1377	颍州区	142	341202
1378	颍东区	142	341203
1379	颍泉区	142	341204
1380	临泉县	142	341221
1381	太和县	142	341222
1382	阜南县	142	341225
1383	颍上县	142	341226
1384	界首市	142	341282
143	宿州市	12	341300
1385	埇桥区	143	341302
1386	砀山县	143	341321
1387	萧县	143	341322
1388	灵璧县	143	341323
1389	泗县	143	341324
144	六安市	12	341500
1390	金安区	144	341502
1391	裕安区	144	341503
1392	叶集区	144	341504
1393	霍邱县	144	341522
1394	舒城县	144	341523
1395	金寨县	144	341524
1396	霍山县	144	341525
145	亳州市	12	341600
1397	谯城区	145	341602
1398	涡阳县	145	341621
1399	蒙城县	145	341622
1400	利辛县	145	341623
146	池州市	12	341700
1401	贵池区	146	341702
1402	东至县	146	341721
1403	石台县	146	341722
1404	青阳县	146	341723
147	宣城市	12	341800
1405	宣州区	147	341802
1406	郎溪县	147	341821
1407	泾县	147	341823
1408	绩溪县	147	341824
1409	旌德县	147	341825
1410	宁国市	147	341881
1411	广德市	147	341882
13	福建省	-1	350000
148	福州市	13	350100
1412	鼓楼区	148	350102
1413	台江区	148	350103
1414	仓山区	148	350104
1415	马尾区	148	350105
1416	晋安区	148	350111
1417	长乐区	148	350112
1418	闽侯县	148	350121
1419	连江县	148	350122
1420	罗源县	148	350123
1421	闽清县	148	350124
1422	永泰县	148	350125
1423	平潭县	148	350128
1424	福清市	148	350181
149	厦门市	13	350200
1425	思明区	149	350203
1426	海沧区	149	350205
1427	湖里区	149	350206
1428	集美区	149	350211
1429	同安区	149	350212
1430	翔安区	149	350213
150	莆田市	13	350300
1431	城厢区	150	350302
1432	涵江区	150	350303
1433	荔城区	150	350304
1434	秀屿区	150	350305
1435	仙游县	150	350322
151	三明市	13	350400
1436	梅列区	151	350402
1437	三元区	151	350403
1438	明溪县	151	350421
1439	清流县	151	350423
1440	宁化县	151	350424
1441	大田县	151	350425
1442	尤溪县	151	350426
1443	沙县	151	350427
1444	将乐县	151	350428
1445	泰宁县	151	350429
1446	建宁县	151	350430
1447	永安市	151	350481
152	泉州市	13	350500
1448	鲤城区	152	350502
1449	丰泽区	152	350503
1450	洛江区	152	350504
1451	泉港区	152	350505
1452	惠安县	152	350521
1453	安溪县	152	350524
1454	永春县	152	350525
1455	德化县	152	350526
1456	金门县	152	350527
1457	石狮市	152	350581
1458	晋江市	152	350582
1459	南安市	152	350583
153	漳州市	13	350600
1460	芗城区	153	350602
1461	龙文区	153	350603
1462	云霄县	153	350622
1463	漳浦县	153	350623
1464	诏安县	153	350624
1465	长泰县	153	350625
1466	东山县	153	350626
1467	南靖县	153	350627
1468	平和县	153	350628
1469	华安县	153	350629
1470	龙海市	153	350681
154	南平市	13	350700
1471	延平区	154	350702
1472	建阳区	154	350703
1473	顺昌县	154	350721
1474	浦城县	154	350722
1475	光泽县	154	350723
1476	松溪县	154	350724
1477	政和县	154	350725
1478	邵武市	154	350781
1479	武夷山市	154	350782
1480	建瓯市	154	350783
155	龙岩市	13	350800
1481	新罗区	155	350802
1482	永定区	155	350803
1483	长汀县	155	350821
1484	上杭县	155	350823
1485	武平县	155	350824
1486	连城县	155	350825
1487	漳平市	155	350881
156	宁德市	13	350900
1488	蕉城区	156	350902
1489	霞浦县	156	350921
1490	古田县	156	350922
1491	屏南县	156	350923
1492	寿宁县	156	350924
1493	周宁县	156	350925
1494	柘荣县	156	350926
1495	福安市	156	350981
1496	福鼎市	156	350982
14	江西省	-1	360000
157	南昌市	14	360100
1497	东湖区	157	360102
1498	西湖区	157	360103
1499	青云谱区	157	360104
1500	湾里区	157	360105
1501	青山湖区	157	360111
1502	新建区	157	360112
1503	南昌县	157	360121
1504	安义县	157	360123
1505	进贤县	157	360124
158	景德镇市	14	360200
1506	昌江区	158	360202
1507	珠山区	158	360203
1508	浮梁县	158	360222
1509	乐平市	158	360281
159	萍乡市	14	360300
1510	安源区	159	360302
1511	湘东区	159	360313
1512	莲花县	159	360321
1513	上栗县	159	360322
1514	芦溪县	159	360323
160	九江市	14	360400
1515	濂溪区	160	360402
1516	浔阳区	160	360403
1517	柴桑区	160	360404
1518	武宁县	160	360423
1519	修水县	160	360424
1520	永修县	160	360425
1521	德安县	160	360426
1522	都昌县	160	360428
1523	湖口县	160	360429
1524	彭泽县	160	360430
1525	瑞昌市	160	360481
1526	共青城市	160	360482
1527	庐山市	160	360483
161	新余市	14	360500
1528	渝水区	161	360502
1529	分宜县	161	360521
162	鹰潭市	14	360600
1530	月湖区	162	360602
1531	余江区	162	360603
1532	贵溪市	162	360681
163	赣州市	14	360700
1533	章贡区	163	360702
1534	南康区	163	360703
1535	赣县区	163	360704
1536	信丰县	163	360722
1537	大余县	163	360723
1538	上犹县	163	360724
1539	崇义县	163	360725
1540	安远县	163	360726
1541	龙南县	163	360727
1542	定南县	163	360728
1543	全南县	163	360729
1544	宁都县	163	360730
1545	于都县	163	360731
1546	兴国县	163	360732
1547	会昌县	163	360733
1548	寻乌县	163	360734
1549	石城县	163	360735
1550	瑞金市	163	360781
164	吉安市	14	360800
1551	吉州区	164	360802
1552	青原区	164	360803
1553	吉安县	164	360821
1554	吉水县	164	360822
1555	峡江县	164	360823
1556	新干县	164	360824
1557	永丰县	164	360825
1558	泰和县	164	360826
1559	遂川县	164	360827
1560	万安县	164	360828
1561	安福县	164	360829
1562	永新县	164	360830
1563	井冈山市	164	360881
165	宜春市	14	360900
1564	袁州区	165	360902
1565	奉新县	165	360921
1566	万载县	165	360922
1567	上高县	165	360923
1568	宜丰县	165	360924
1569	靖安县	165	360925
1570	铜鼓县	165	360926
1571	丰城市	165	360981
1572	樟树市	165	360982
1573	高安市	165	360983
166	抚州市	14	361000
1574	临川区	166	361002
1575	东乡区	166	361003
1576	南城县	166	361021
1577	黎川县	166	361022
1578	南丰县	166	361023
1579	崇仁县	166	361024
1580	乐安县	166	361025
1581	宜黄县	166	361026
1582	金溪县	166	361027
1583	资溪县	166	361028
1584	广昌县	166	361030
167	上饶市	14	361100
1585	信州区	167	361102
1586	广丰区	167	361103
1587	广信区	167	361104
1588	玉山县	167	361123
1589	铅山县	167	361124
1590	横峰县	167	361125
1591	弋阳县	167	361126
1592	余干县	167	361127
1593	鄱阳县	167	361128
1594	万年县	167	361129
1595	婺源县	167	361130
1596	德兴市	167	361181
15	山东省	-1	370000
168	济南市	15	370100
1597	历下区	168	370102
1598	市中区	168	370103
1599	槐荫区	168	370104
1600	天桥区	168	370105
1601	历城区	168	370112
1602	长清区	168	370113
1603	章丘区	168	370114
1604	济阳区	168	370115
1605	莱芜区	168	370116
1606	钢城区	168	370117
1607	平阴县	168	370124
1608	商河县	168	370126
169	青岛市	15	370200
1609	市南区	169	370202
1610	市北区	169	370203
1611	黄岛区	169	370211
1612	崂山区	169	370212
1613	李沧区	169	370213
1614	城阳区	169	370214
1615	即墨区	169	370215
1616	胶州市	169	370281
1617	平度市	169	370283
1618	莱西市	169	370285
170	淄博市	15	370300
1619	淄川区	170	370302
1620	张店区	170	370303
1621	博山区	170	370304
1622	临淄区	170	370305
1623	周村区	170	370306
1624	桓台县	170	370321
1625	高青县	170	370322
1626	沂源县	170	370323
171	枣庄市	15	370400
1627	市中区	171	370402
1628	薛城区	171	370403
1629	峄城区	171	370404
1630	台儿庄区	171	370405
1631	山亭区	171	370406
1632	滕州市	171	370481
172	东营市	15	370500
1633	东营区	172	370502
1634	河口区	172	370503
1635	垦利区	172	370505
1636	利津县	172	370522
1637	广饶县	172	370523
173	烟台市	15	370600
1638	芝罘区	173	370602
1639	福山区	173	370611
1640	牟平区	173	370612
1641	莱山区	173	370613
1642	长岛县	173	370634
1643	龙口市	173	370681
1644	莱阳市	173	370682
1645	莱州市	173	370683
1646	蓬莱市	173	370684
1647	招远市	173	370685
1648	栖霞市	173	370686
1649	海阳市	173	370687
174	潍坊市	15	370700
1650	潍城区	174	370702
1651	寒亭区	174	370703
1652	坊子区	174	370704
1653	奎文区	174	370705
1654	临朐县	174	370724
1655	昌乐县	174	370725
1656	青州市	174	370781
1657	诸城市	174	370782
1658	寿光市	174	370783
1659	安丘市	174	370784
1660	高密市	174	370785
1661	昌邑市	174	370786
175	济宁市	15	370800
1662	任城区	175	370811
1663	兖州区	175	370812
1664	微山县	175	370826
1665	鱼台县	175	370827
1666	金乡县	175	370828
1667	嘉祥县	175	370829
1668	汶上县	175	370830
1669	泗水县	175	370831
1670	梁山县	175	370832
1671	曲阜市	175	370881
1672	邹城市	175	370883
176	泰安市	15	370900
1673	泰山区	176	370902
1674	岱岳区	176	370911
1675	宁阳县	176	370921
1676	东平县	176	370923
1677	新泰市	176	370982
1678	肥城市	176	370983
177	威海市	15	371000
1679	环翠区	177	371002
1680	文登区	177	371003
1681	荣成市	177	371082
1682	乳山市	177	371083
178	日照市	15	371100
1683	东港区	178	371102
1684	岚山区	178	371103
1685	五莲县	178	371121
1686	莒县	178	371122
179	临沂市	15	371300
1687	兰山区	179	371302
1688	罗庄区	179	371311
1689	河东区	179	371312
1690	沂南县	179	371321
1691	郯城县	179	371322
1692	沂水县	179	371323
1693	兰陵县	179	371324
1694	费县	179	371325
1695	平邑县	179	371326
1696	莒南县	179	371327
1697	蒙阴县	179	371328
1698	临沭县	179	371329
180	德州市	15	371400
1699	德城区	180	371402
1700	陵城区	180	371403
1701	宁津县	180	371422
1702	庆云县	180	371423
1703	临邑县	180	371424
1704	齐河县	180	371425
1705	平原县	180	371426
1706	夏津县	180	371427
1707	武城县	180	371428
1708	乐陵市	180	371481
1709	禹城市	180	371482
181	聊城市	15	371500
1710	东昌府区	181	371502
1711	阳谷县	181	371521
1712	莘县	181	371522
1713	茌平县	181	371523
1714	东阿县	181	371524
1715	冠县	181	371525
1716	高唐县	181	371526
1717	临清市	181	371581
182	滨州市	15	371600
1718	滨城区	182	371602
1719	沾化区	182	371603
1720	惠民县	182	371621
1721	阳信县	182	371622
1722	无棣县	182	371623
1723	博兴县	182	371625
1724	邹平市	182	371681
183	菏泽市	15	371700
1725	牡丹区	183	371702
1726	定陶区	183	371703
1727	曹县	183	371721
1728	单县	183	371722
1729	成武县	183	371723
1730	巨野县	183	371724
1731	郓城县	183	371725
1732	鄄城县	183	371726
1733	东明县	183	371728
16	河南省	-1	410000
184	郑州市	16	410100
1734	中原区	184	410102
1735	二七区	184	410103
1736	管城回族区	184	410104
1737	金水区	184	410105
1738	上街区	184	410106
1739	惠济区	184	410108
1740	中牟县	184	410122
1741	巩义市	184	410181
1742	荥阳市	184	410182
1743	新密市	184	410183
1744	新郑市	184	410184
1745	登封市	184	410185
185	开封市	16	410200
1746	龙亭区	185	410202
1747	顺河回族区	185	410203
1748	鼓楼区	185	410204
1749	禹王台区	185	410205
1750	祥符区	185	410212
1751	杞县	185	410221
1752	通许县	185	410222
1753	尉氏县	185	410223
1754	兰考县	185	410225
186	洛阳市	16	410300
1755	老城区	186	410302
1756	西工区	186	410303
1757	瀍河回族区	186	410304
1758	涧西区	186	410305
1759	吉利区	186	410306
1760	洛龙区	186	410311
1761	孟津县	186	410322
1762	新安县	186	410323
1763	栾川县	186	410324
1764	嵩县	186	410325
1765	汝阳县	186	410326
1766	宜阳县	186	410327
1767	洛宁县	186	410328
1768	伊川县	186	410329
1769	偃师市	186	410381
187	平顶山市	16	410400
1770	新华区	187	410402
1771	卫东区	187	410403
1772	石龙区	187	410404
1773	湛河区	187	410411
1774	宝丰县	187	410421
1775	叶县	187	410422
1776	鲁山县	187	410423
1777	郏县	187	410425
1778	舞钢市	187	410481
1779	汝州市	187	410482
188	安阳市	16	410500
1780	文峰区	188	410502
1781	北关区	188	410503
1782	殷都区	188	410505
1783	龙安区	188	410506
1784	安阳县	188	410522
1785	汤阴县	188	410523
1786	滑县	188	410526
1787	内黄县	188	410527
1788	林州市	188	410581
189	鹤壁市	16	410600
1789	鹤山区	189	410602
1790	山城区	189	410603
1791	淇滨区	189	410611
1792	浚县	189	410621
1793	淇县	189	410622
190	新乡市	16	410700
1794	红旗区	190	410702
1795	卫滨区	190	410703
1796	凤泉区	190	410704
1797	牧野区	190	410711
1798	新乡县	190	410721
1799	获嘉县	190	410724
1800	原阳县	190	410725
1801	延津县	190	410726
1802	封丘县	190	410727
1803	长垣县	190	410728
1804	卫辉市	190	410781
1805	辉县市	190	410782
191	焦作市	16	410800
1806	解放区	191	410802
1807	中站区	191	410803
1808	马村区	191	410804
1809	山阳区	191	410811
1810	修武县	191	410821
1811	博爱县	191	410822
1812	武陟县	191	410823
1813	温县	191	410825
1814	沁阳市	191	410882
1815	孟州市	191	410883
192	濮阳市	16	410900
1816	华龙区	192	410902
1817	清丰县	192	410922
1818	南乐县	192	410923
1819	范县	192	410926
1820	台前县	192	410927
1821	濮阳县	192	410928
193	许昌市	16	411000
1822	魏都区	193	411002
1823	建安区	193	411003
1824	鄢陵县	193	411024
1825	襄城县	193	411025
1826	禹州市	193	411081
1827	长葛市	193	411082
194	漯河市	16	411100
1828	源汇区	194	411102
1829	郾城区	194	411103
1830	召陵区	194	411104
1831	舞阳县	194	411121
1832	临颍县	194	411122
195	三门峡市	16	411200
1833	湖滨区	195	411202
1834	陕州区	195	411203
1835	渑池县	195	411221
1836	卢氏县	195	411224
1837	义马市	195	411281
1838	灵宝市	195	411282
196	南阳市	16	411300
1839	宛城区	196	411302
1840	卧龙区	196	411303
1841	南召县	196	411321
1842	方城县	196	411322
1843	西峡县	196	411323
1844	镇平县	196	411324
1845	内乡县	196	411325
1846	淅川县	196	411326
1847	社旗县	196	411327
1848	唐河县	196	411328
1849	新野县	196	411329
1850	桐柏县	196	411330
1851	邓州市	196	411381
197	商丘市	16	411400
1852	梁园区	197	411402
1853	睢阳区	197	411403
1854	民权县	197	411421
1855	睢县	197	411422
1856	宁陵县	197	411423
1857	柘城县	197	411424
1858	虞城县	197	411425
1859	夏邑县	197	411426
1860	永城市	197	411481
198	信阳市	16	411500
1861	浉河区	198	411502
1862	平桥区	198	411503
1863	罗山县	198	411521
1864	光山县	198	411522
1865	新县	198	411523
1866	商城县	198	411524
1867	固始县	198	411525
1868	潢川县	198	411526
1869	淮滨县	198	411527
1870	息县	198	411528
199	周口市	16	411600
1871	川汇区	199	411602
1872	淮阳区	199	411603
1873	扶沟县	199	411621
1874	西华县	199	411622
1875	商水县	199	411623
1876	沈丘县	199	411624
1877	郸城县	199	411625
1878	太康县	199	411627
1879	鹿邑县	199	411628
1880	项城市	199	411681
200	驻马店市	16	411700
1881	驿城区	200	411702
1882	西平县	200	411721
1883	上蔡县	200	411722
1884	平舆县	200	411723
1885	正阳县	200	411724
1886	确山县	200	411725
1887	泌阳县	200	411726
1888	汝南县	200	411727
1889	遂平县	200	411728
1890	新蔡县	200	411729
201	济源市	16	419001
17	湖北省	-1	420000
202	武汉市	17	420100
1891	江岸区	202	420102
1892	江汉区	202	420103
1893	硚口区	202	420104
1894	汉阳区	202	420105
1895	武昌区	202	420106
1896	青山区	202	420107
1897	洪山区	202	420111
1898	东西湖区	202	420112
1899	汉南区	202	420113
1900	蔡甸区	202	420114
1901	江夏区	202	420115
1902	黄陂区	202	420116
1903	新洲区	202	420117
203	黄石市	17	420200
1904	黄石港区	203	420202
1905	西塞山区	203	420203
1906	下陆区	203	420204
1907	铁山区	203	420205
1908	阳新县	203	420222
1909	大冶市	203	420281
204	十堰市	17	420300
1910	茅箭区	204	420302
1911	张湾区	204	420303
1912	郧阳区	204	420304
1913	郧西县	204	420322
1914	竹山县	204	420323
1915	竹溪县	204	420324
1916	房县	204	420325
1917	丹江口市	204	420381
205	宜昌市	17	420500
1918	西陵区	205	420502
1919	伍家岗区	205	420503
1920	点军区	205	420504
1921	猇亭区	205	420505
1922	夷陵区	205	420506
1923	远安县	205	420525
1924	兴山县	205	420526
1925	秭归县	205	420527
1926	长阳土家族自治县	205	420528
1927	五峰土家族自治县	205	420529
1928	宜都市	205	420581
1929	当阳市	205	420582
1930	枝江市	205	420583
206	襄阳市	17	420600
1931	襄城区	206	420602
1932	樊城区	206	420606
1933	襄州区	206	420607
1934	南漳县	206	420624
1935	谷城县	206	420625
1936	保康县	206	420626
1937	老河口市	206	420682
1938	枣阳市	206	420683
1939	宜城市	206	420684
207	鄂州市	17	420700
1940	梁子湖区	207	420702
1941	华容区	207	420703
1942	鄂城区	207	420704
208	荆门市	17	420800
1943	东宝区	208	420802
1944	掇刀区	208	420804
1945	沙洋县	208	420822
1946	钟祥市	208	420881
1947	京山市	208	420882
209	孝感市	17	420900
1948	孝南区	209	420902
1949	孝昌县	209	420921
1950	大悟县	209	420922
1951	云梦县	209	420923
1952	应城市	209	420981
1953	安陆市	209	420982
1954	汉川市	209	420984
210	荆州市	17	421000
1955	沙市区	210	421002
1956	荆州区	210	421003
1957	公安县	210	421022
1958	监利县	210	421023
1959	江陵县	210	421024
1960	石首市	210	421081
1961	洪湖市	210	421083
1962	松滋市	210	421087
211	黄冈市	17	421100
1963	黄州区	211	421102
1964	团风县	211	421121
1965	红安县	211	421122
1966	罗田县	211	421123
1967	英山县	211	421124
1968	浠水县	211	421125
1969	蕲春县	211	421126
1970	黄梅县	211	421127
1971	麻城市	211	421181
1972	武穴市	211	421182
212	咸宁市	17	421200
1973	咸安区	212	421202
1974	嘉鱼县	212	421221
1975	通城县	212	421222
1976	崇阳县	212	421223
1977	通山县	212	421224
1978	赤壁市	212	421281
213	随州市	17	421300
1979	曾都区	213	421303
1980	随县	213	421321
1981	广水市	213	421381
214	恩施土家族苗族自治州	17	422800
1982	恩施市	214	422801
1983	利川市	214	422802
1984	建始县	214	422822
1985	巴东县	214	422823
1986	宣恩县	214	422825
1987	咸丰县	214	422826
1988	来凤县	214	422827
1989	鹤峰县	214	422828
215	仙桃市	17	429004
216	潜江市	17	429005
217	天门市	17	429006
218	神农架林区	17	429021
18	湖南省	-1	430000
219	长沙市	18	430100
1990	芙蓉区	219	430102
1991	天心区	219	430103
1992	岳麓区	219	430104
1993	开福区	219	430105
1994	雨花区	219	430111
1995	望城区	219	430112
1996	长沙县	219	430121
1997	浏阳市	219	430181
1998	宁乡市	219	430182
220	株洲市	18	430200
1999	荷塘区	220	430202
2000	芦淞区	220	430203
2001	石峰区	220	430204
2002	天元区	220	430211
2003	渌口区	220	430212
2004	攸县	220	430223
2005	茶陵县	220	430224
2006	炎陵县	220	430225
2007	醴陵市	220	430281
221	湘潭市	18	430300
2008	雨湖区	221	430302
2009	岳塘区	221	430304
2010	湘潭县	221	430321
2011	湘乡市	221	430381
2012	韶山市	221	430382
222	衡阳市	18	430400
2013	珠晖区	222	430405
2014	雁峰区	222	430406
2015	石鼓区	222	430407
2016	蒸湘区	222	430408
2017	南岳区	222	430412
2018	衡阳县	222	430421
2019	衡南县	222	430422
2020	衡山县	222	430423
2021	衡东县	222	430424
2022	祁东县	222	430426
2023	耒阳市	222	430481
2024	常宁市	222	430482
223	邵阳市	18	430500
2025	双清区	223	430502
2026	大祥区	223	430503
2027	北塔区	223	430511
2028	新邵县	223	430522
2029	邵阳县	223	430523
2030	隆回县	223	430524
2031	洞口县	223	430525
2032	绥宁县	223	430527
2033	新宁县	223	430528
2034	城步苗族自治县	223	430529
2035	武冈市	223	430581
2036	邵东市	223	430582
224	岳阳市	18	430600
2037	岳阳楼区	224	430602
2038	云溪区	224	430603
2039	君山区	224	430611
2040	岳阳县	224	430621
2041	华容县	224	430623
2042	湘阴县	224	430624
2043	平江县	224	430626
2044	汨罗市	224	430681
2045	临湘市	224	430682
225	常德市	18	430700
2046	武陵区	225	430702
2047	鼎城区	225	430703
2048	安乡县	225	430721
2049	汉寿县	225	430722
2050	澧县	225	430723
2051	临澧县	225	430724
2052	桃源县	225	430725
2053	石门县	225	430726
2054	津市市	225	430781
226	张家界市	18	430800
2055	永定区	226	430802
2056	武陵源区	226	430811
2057	慈利县	226	430821
2058	桑植县	226	430822
227	益阳市	18	430900
2059	资阳区	227	430902
2060	赫山区	227	430903
2061	南县	227	430921
2062	桃江县	227	430922
2063	安化县	227	430923
2064	沅江市	227	430981
228	郴州市	18	431000
2065	北湖区	228	431002
2066	苏仙区	228	431003
2067	桂阳县	228	431021
2068	宜章县	228	431022
2069	永兴县	228	431023
2070	嘉禾县	228	431024
2071	临武县	228	431025
2072	汝城县	228	431026
2073	桂东县	228	431027
2074	安仁县	228	431028
2075	资兴市	228	431081
229	永州市	18	431100
2076	零陵区	229	431102
2077	冷水滩区	229	431103
2078	祁阳县	229	431121
2079	东安县	229	431122
2080	双牌县	229	431123
2081	道县	229	431124
2082	江永县	229	431125
2083	宁远县	229	431126
2084	蓝山县	229	431127
2085	新田县	229	431128
2086	江华瑶族自治县	229	431129
230	怀化市	18	431200
2087	鹤城区	230	431202
2088	中方县	230	431221
2089	沅陵县	230	431222
2090	辰溪县	230	431223
2091	溆浦县	230	431224
2092	会同县	230	431225
2093	麻阳苗族自治县	230	431226
2094	新晃侗族自治县	230	431227
2095	芷江侗族自治县	230	431228
2096	靖州苗族侗族自治县	230	431229
2097	通道侗族自治县	230	431230
2098	洪江市	230	431281
231	娄底市	18	431300
2099	娄星区	231	431302
2100	双峰县	231	431321
2101	新化县	231	431322
2102	冷水江市	231	431381
2103	涟源市	231	431382
232	湘西土家族苗族自治州	18	433100
2104	吉首市	232	433101
2105	泸溪县	232	433122
2106	凤凰县	232	433123
2107	花垣县	232	433124
2108	保靖县	232	433125
2109	古丈县	232	433126
2110	永顺县	232	433127
2111	龙山县	232	433130
19	广东省	-1	440000
233	广州市	19	440100
2112	荔湾区	233	440103
2113	越秀区	233	440104
2114	海珠区	233	440105
2115	天河区	233	440106
2116	白云区	233	440111
2117	黄埔区	233	440112
2118	番禺区	233	440113
2119	花都区	233	440114
2120	南沙区	233	440115
2121	从化区	233	440117
2122	增城区	233	440118
234	韶关市	19	440200
2123	武江区	234	440203
2124	浈江区	234	440204
2125	曲江区	234	440205
2126	始兴县	234	440222
2127	仁化县	234	440224
2128	翁源县	234	440229
2129	乳源瑶族自治县	234	440232
2130	新丰县	234	440233
2131	乐昌市	234	440281
2132	南雄市	234	440282
235	深圳市	19	440300
2133	罗湖区	235	440303
2134	福田区	235	440304
2135	南山区	235	440305
2136	宝安区	235	440306
2137	龙岗区	235	440307
2138	盐田区	235	440308
2139	龙华区	235	440309
2140	坪山区	235	440310
2141	光明区	235	440311
236	珠海市	19	440400
2142	香洲区	236	440402
2143	斗门区	236	440403
2144	金湾区	236	440404
237	汕头市	19	440500
2145	龙湖区	237	440507
2146	金平区	237	440511
2147	濠江区	237	440512
2148	潮阳区	237	440513
2149	潮南区	237	440514
2150	澄海区	237	440515
2151	南澳县	237	440523
238	佛山市	19	440600
2152	禅城区	238	440604
2153	南海区	238	440605
2154	顺德区	238	440606
2155	三水区	238	440607
2156	高明区	238	440608
239	江门市	19	440700
2157	蓬江区	239	440703
2158	江海区	239	440704
2159	新会区	239	440705
2160	台山市	239	440781
2161	开平市	239	440783
2162	鹤山市	239	440784
2163	恩平市	239	440785
240	湛江市	19	440800
2164	赤坎区	240	440802
2165	霞山区	240	440803
2166	坡头区	240	440804
2167	麻章区	240	440811
2168	遂溪县	240	440823
2169	徐闻县	240	440825
2170	廉江市	240	440881
2171	雷州市	240	440882
2172	吴川市	240	440883
241	茂名市	19	440900
2173	茂南区	241	440902
2174	电白区	241	440904
2175	高州市	241	440981
2176	化州市	241	440982
2177	信宜市	241	440983
242	肇庆市	19	441200
2178	端州区	242	441202
2179	鼎湖区	242	441203
2180	高要区	242	441204
2181	广宁县	242	441223
2182	怀集县	242	441224
2183	封开县	242	441225
2184	德庆县	242	441226
2185	四会市	242	441284
243	惠州市	19	441300
2186	惠城区	243	441302
2187	惠阳区	243	441303
2188	博罗县	243	441322
2189	惠东县	243	441323
2190	龙门县	243	441324
244	梅州市	19	441400
2191	梅江区	244	441402
2192	梅县区	244	441403
2193	大埔县	244	441422
2194	丰顺县	244	441423
2195	五华县	244	441424
2196	平远县	244	441426
2197	蕉岭县	244	441427
2198	兴宁市	244	441481
245	汕尾市	19	441500
2199	城区	245	441502
2200	海丰县	245	441521
2201	陆河县	245	441523
2202	陆丰市	245	441581
246	河源市	19	441600
2203	源城区	246	441602
2204	紫金县	246	441621
2205	龙川县	246	441622
2206	连平县	246	441623
2207	和平县	246	441624
2208	东源县	246	441625
247	阳江市	19	441700
2209	江城区	247	441702
2210	阳东区	247	441704
2211	阳西县	247	441721
2212	阳春市	247	441781
248	清远市	19	441800
2213	清城区	248	441802
2214	清新区	248	441803
2215	佛冈县	248	441821
2216	阳山县	248	441823
2217	连山壮族瑶族自治县	248	441825
2218	连南瑶族自治县	248	441826
2219	英德市	248	441881
2220	连州市	248	441882
249	东莞市	19	441900
250	中山市	19	442000
251	潮州市	19	445100
2221	湘桥区	251	445102
2222	潮安区	251	445103
2223	饶平县	251	445122
252	揭阳市	19	445200
2224	榕城区	252	445202
2225	揭东区	252	445203
2226	揭西县	252	445222
2227	惠来县	252	445224
2228	普宁市	252	445281
253	云浮市	19	445300
2229	云城区	253	445302
2230	云安区	253	445303
2231	新兴县	253	445321
2232	郁南县	253	445322
2233	罗定市	253	445381
20	广西壮族自治区	-1	450000
254	南宁市	20	450100
2234	兴宁区	254	450102
2235	青秀区	254	450103
2236	江南区	254	450105
2237	西乡塘区	254	450107
2238	良庆区	254	450108
2239	邕宁区	254	450109
2240	武鸣区	254	450110
2241	隆安县	254	450123
2242	马山县	254	450124
2243	上林县	254	450125
2244	宾阳县	254	450126
2245	横县	254	450127
255	柳州市	20	450200
2246	城中区	255	450202
2247	鱼峰区	255	450203
2248	柳南区	255	450204
2249	柳北区	255	450205
2250	柳江区	255	450206
2251	柳城县	255	450222
2252	鹿寨县	255	450223
2253	融安县	255	450224
2254	融水苗族自治县	255	450225
2255	三江侗族自治县	255	450226
256	桂林市	20	450300
2256	秀峰区	256	450302
2257	叠彩区	256	450303
2258	象山区	256	450304
2259	七星区	256	450305
2260	雁山区	256	450311
2261	临桂区	256	450312
2262	阳朔县	256	450321
2263	灵川县	256	450323
2264	全州县	256	450324
2265	兴安县	256	450325
2266	永福县	256	450326
2267	灌阳县	256	450327
2268	龙胜各族自治县	256	450328
2269	资源县	256	450329
2270	平乐县	256	450330
2271	荔浦市	256	450381
2272	恭城瑶族自治县	256	450332
257	梧州市	20	450400
2273	万秀区	257	450403
2274	长洲区	257	450405
2275	龙圩区	257	450406
2276	苍梧县	257	450421
2277	藤县	257	450422
2278	蒙山县	257	450423
2279	岑溪市	257	450481
258	北海市	20	450500
2280	海城区	258	450502
2281	银海区	258	450503
2282	铁山港区	258	450512
2283	合浦县	258	450521
259	防城港市	20	450600
2284	港口区	259	450602
2285	防城区	259	450603
2286	上思县	259	450621
2287	东兴市	259	450681
260	钦州市	20	450700
2288	钦南区	260	450702
2289	钦北区	260	450703
2290	灵山县	260	450721
2291	浦北县	260	450722
261	贵港市	20	450800
2292	港北区	261	450802
2293	港南区	261	450803
2294	覃塘区	261	450804
2295	平南县	261	450821
2296	桂平市	261	450881
262	玉林市	20	450900
2297	玉州区	262	450902
2298	福绵区	262	450903
2299	容县	262	450921
2300	陆川县	262	450922
2301	博白县	262	450923
2302	兴业县	262	450924
2303	北流市	262	450981
263	百色市	20	451000
2304	右江区	263	451002
2305	田阳区	263	451003
2306	田东县	263	451022
2307	平果县	263	451023
2308	德保县	263	451024
2309	那坡县	263	451026
2310	凌云县	263	451027
2311	乐业县	263	451028
2312	田林县	263	451029
2313	西林县	263	451030
2314	隆林各族自治县	263	451031
2315	靖西市	263	451081
264	贺州市	20	451100
2316	八步区	264	451102
2317	平桂区	264	451103
2318	昭平县	264	451121
2319	钟山县	264	451122
2320	富川瑶族自治县	264	451123
265	河池市	20	451200
2321	金城江区	265	451202
2322	宜州区	265	451203
2323	南丹县	265	451221
2324	天峨县	265	451222
2325	凤山县	265	451223
2326	东兰县	265	451224
2327	罗城仫佬族自治县	265	451225
2328	环江毛南族自治县	265	451226
2329	巴马瑶族自治县	265	451227
2330	都安瑶族自治县	265	451228
2331	大化瑶族自治县	265	451229
266	来宾市	20	451300
2332	兴宾区	266	451302
2333	忻城县	266	451321
2334	象州县	266	451322
2335	武宣县	266	451323
2336	金秀瑶族自治县	266	451324
2337	合山市	266	451381
267	崇左市	20	451400
2338	江州区	267	451402
2339	扶绥县	267	451421
2340	宁明县	267	451422
2341	龙州县	267	451423
2342	大新县	267	451424
2343	天等县	267	451425
2344	凭祥市	267	451481
21	海南省	-1	460000
268	海口市	21	460100
2345	秀英区	268	460105
2346	龙华区	268	460106
2347	琼山区	268	460107
2348	美兰区	268	460108
269	三亚市	21	460200
2349	海棠区	269	460202
2350	吉阳区	269	460203
2351	天涯区	269	460204
2352	崖州区	269	460205
270	三沙市	21	460300
271	儋州市	21	460400
272	五指山市	21	469001
273	琼海市	21	469002
274	文昌市	21	469005
275	万宁市	21	469006
276	东方市	21	469007
277	定安县	21	469021
278	屯昌县	21	469022
279	澄迈县	21	469023
280	临高县	21	469024
281	白沙黎族自治县	21	469025
282	昌江黎族自治县	21	469026
283	乐东黎族自治县	21	469027
284	陵水黎族自治县	21	469028
285	保亭黎族苗族自治县	21	469029
286	琼中黎族苗族自治县	21	469030
22	重庆市	-1	500000
287	重庆市	22	500000
2353	万州区	287	500101
2354	涪陵区	287	500102
2355	渝中区	287	500103
2356	大渡口区	287	500104
2357	江北区	287	500105
2358	沙坪坝区	287	500106
2359	九龙坡区	287	500107
2360	南岸区	287	500108
2361	北碚区	287	500109
2362	綦江区	287	500110
2363	大足区	287	500111
2364	渝北区	287	500112
2365	巴南区	287	500113
2366	黔江区	287	500114
2367	长寿区	287	500115
2368	江津区	287	500116
2369	合川区	287	500117
2370	永川区	287	500118
2371	南川区	287	500119
2372	璧山区	287	500120
2373	铜梁区	287	500151
2374	潼南区	287	500152
2375	荣昌区	287	500153
2376	开州区	287	500154
2377	梁平区	287	500155
2378	武隆区	287	500156
2379	城口县	287	500229
2380	丰都县	287	500230
2381	垫江县	287	500231
2382	忠县	287	500233
2383	云阳县	287	500235
2384	奉节县	287	500236
2385	巫山县	287	500237
2386	巫溪县	287	500238
2387	石柱土家族自治县	287	500240
2388	秀山土家族苗族自治县	287	500241
2389	酉阳土家族苗族自治县	287	500242
2390	彭水苗族土家族自治县	287	500243
23	四川省	-1	510000
288	成都市	23	510100
2391	锦江区	288	510104
2392	青羊区	288	510105
2393	金牛区	288	510106
2394	武侯区	288	510107
2395	成华区	288	510108
2396	龙泉驿区	288	510112
2397	青白江区	288	510113
2398	新都区	288	510114
2399	温江区	288	510115
2400	双流区	288	510116
2401	郫都区	288	510117
2402	金堂县	288	510121
2403	大邑县	288	510129
2404	蒲江县	288	510131
2405	新津县	288	510132
2406	都江堰市	288	510181
2407	彭州市	288	510182
2408	邛崃市	288	510183
2409	崇州市	288	510184
2410	简阳市	288	510185
289	自贡市	23	510300
2411	自流井区	289	510302
2412	贡井区	289	510303
2413	大安区	289	510304
2414	沿滩区	289	510311
2415	荣县	289	510321
2416	富顺县	289	510322
290	攀枝花市	23	510400
2417	东区	290	510402
2418	西区	290	510403
2419	仁和区	290	510411
2420	米易县	290	510421
2421	盐边县	290	510422
291	泸州市	23	510500
2422	江阳区	291	510502
2423	纳溪区	291	510503
2424	龙马潭区	291	510504
2425	泸县	291	510521
2426	合江县	291	510522
2427	叙永县	291	510524
2428	古蔺县	291	510525
292	德阳市	23	510600
2429	旌阳区	292	510603
2430	罗江区	292	510604
2431	中江县	292	510623
2432	广汉市	292	510681
2433	什邡市	292	510682
2434	绵竹市	292	510683
293	绵阳市	23	510700
2435	涪城区	293	510703
2436	游仙区	293	510704
2437	安州区	293	510705
2438	三台县	293	510722
2439	盐亭县	293	510723
2440	梓潼县	293	510725
2441	北川羌族自治县	293	510726
2442	平武县	293	510727
2443	江油市	293	510781
294	广元市	23	510800
2444	利州区	294	510802
2445	昭化区	294	510811
2446	朝天区	294	510812
2447	旺苍县	294	510821
2448	青川县	294	510822
2449	剑阁县	294	510823
2450	苍溪县	294	510824
295	遂宁市	23	510900
2451	船山区	295	510903
2452	安居区	295	510904
2453	蓬溪县	295	510921
2454	大英县	295	510923
2455	射洪市	295	510981
296	内江市	23	511000
2456	市中区	296	511002
2457	东兴区	296	511011
2458	威远县	296	511024
2459	资中县	296	511025
2460	隆昌市	296	511083
297	乐山市	23	511100
2461	市中区	297	511102
2462	沙湾区	297	511111
2463	五通桥区	297	511112
2464	金口河区	297	511113
2465	犍为县	297	511123
2466	井研县	297	511124
2467	夹江县	297	511126
2468	沐川县	297	511129
2469	峨边彝族自治县	297	511132
2470	马边彝族自治县	297	511133
2471	峨眉山市	297	511181
298	南充市	23	511300
2472	顺庆区	298	511302
2473	高坪区	298	511303
2474	嘉陵区	298	511304
2475	南部县	298	511321
2476	营山县	298	511322
2477	蓬安县	298	511323
2478	仪陇县	298	511324
2479	西充县	298	511325
2480	阆中市	298	511381
299	眉山市	23	511400
2481	东坡区	299	511402
2482	彭山区	299	511403
2483	仁寿县	299	511421
2484	洪雅县	299	511423
2485	丹棱县	299	511424
2486	青神县	299	511425
300	宜宾市	23	511500
2487	翠屏区	300	511502
2488	南溪区	300	511503
2489	叙州区	300	511504
2490	江安县	300	511523
2491	长宁县	300	511524
2492	高县	300	511525
2493	珙县	300	511526
2494	筠连县	300	511527
2495	兴文县	300	511528
2496	屏山县	300	511529
301	广安市	23	511600
2497	广安区	301	511602
2498	前锋区	301	511603
2499	岳池县	301	511621
2500	武胜县	301	511622
2501	邻水县	301	511623
2502	华蓥市	301	511681
302	达州市	23	511700
2503	通川区	302	511702
2504	达川区	302	511703
2505	宣汉县	302	511722
2506	开江县	302	511723
2507	大竹县	302	511724
2508	渠县	302	511725
2509	万源市	302	511781
303	雅安市	23	511800
2510	雨城区	303	511802
2511	名山区	303	511803
2512	荥经县	303	511822
2513	汉源县	303	511823
2514	石棉县	303	511824
2515	天全县	303	511825
2516	芦山县	303	511826
2517	宝兴县	303	511827
304	巴中市	23	511900
2518	巴州区	304	511902
2519	恩阳区	304	511903
2520	通江县	304	511921
2521	南江县	304	511922
2522	平昌县	304	511923
305	资阳市	23	512000
2523	雁江区	305	512002
2524	安岳县	305	512021
2525	乐至县	305	512022
306	阿坝藏族羌族自治州	23	513200
2526	马尔康市	306	513201
2527	汶川县	306	513221
2528	理县	306	513222
2529	茂县	306	513223
2530	松潘县	306	513224
2531	九寨沟县	306	513225
2532	金川县	306	513226
2533	小金县	306	513227
2534	黑水县	306	513228
2535	壤塘县	306	513230
2536	阿坝县	306	513231
2537	若尔盖县	306	513232
2538	红原县	306	513233
307	甘孜藏族自治州	23	513300
2539	康定市	307	513301
2540	泸定县	307	513322
2541	丹巴县	307	513323
2542	九龙县	307	513324
2543	雅江县	307	513325
2544	道孚县	307	513326
2545	炉霍县	307	513327
2546	甘孜县	307	513328
2547	新龙县	307	513329
2548	德格县	307	513330
2549	白玉县	307	513331
2550	石渠县	307	513332
2551	色达县	307	513333
2552	理塘县	307	513334
2553	巴塘县	307	513335
2554	乡城县	307	513336
2555	稻城县	307	513337
2556	得荣县	307	513338
308	凉山彝族自治州	23	513400
2557	西昌市	308	513401
2558	木里藏族自治县	308	513422
2559	盐源县	308	513423
2560	德昌县	308	513424
2561	会理县	308	513425
2562	会东县	308	513426
2563	宁南县	308	513427
2564	普格县	308	513428
2565	布拖县	308	513429
2566	金阳县	308	513430
2567	昭觉县	308	513431
2568	喜德县	308	513432
2569	冕宁县	308	513433
2570	越西县	308	513434
2571	甘洛县	308	513435
2572	美姑县	308	513436
2573	雷波县	308	513437
24	贵州省	-1	520000
309	贵阳市	24	520100
2574	南明区	309	520102
2575	云岩区	309	520103
2576	花溪区	309	520111
2577	乌当区	309	520112
2578	白云区	309	520113
2579	观山湖区	309	520115
2580	开阳县	309	520121
2581	息烽县	309	520122
2582	修文县	309	520123
2583	清镇市	309	520181
310	六盘水市	24	520200
2584	钟山区	310	520201
2585	六枝特区	310	520203
2586	水城县	310	520221
2587	盘州市	310	520281
311	遵义市	24	520300
2588	红花岗区	311	520302
2589	汇川区	311	520303
2590	播州区	311	520304
2591	桐梓县	311	520322
2592	绥阳县	311	520323
2593	正安县	311	520324
2594	道真仡佬族苗族自治县	311	520325
2595	务川仡佬族苗族自治县	311	520326
2596	凤冈县	311	520327
2597	湄潭县	311	520328
2598	余庆县	311	520329
2599	习水县	311	520330
2600	赤水市	311	520381
2601	仁怀市	311	520382
312	安顺市	24	520400
2602	西秀区	312	520402
2603	平坝区	312	520403
2604	普定县	312	520422
2605	镇宁布依族苗族自治县	312	520423
2606	关岭布依族苗族自治县	312	520424
2607	紫云苗族布依族自治县	312	520425
313	毕节市	24	520500
2608	七星关区	313	520502
2609	大方县	313	520521
2610	黔西县	313	520522
2611	金沙县	313	520523
2612	织金县	313	520524
2613	纳雍县	313	520525
2614	威宁彝族回族苗族自治县	313	520526
2615	赫章县	313	520527
314	铜仁市	24	520600
2616	碧江区	314	520602
2617	万山区	314	520603
2618	江口县	314	520621
2619	玉屏侗族自治县	314	520622
2620	石阡县	314	520623
2621	思南县	314	520624
2622	印江土家族苗族自治县	314	520625
2623	德江县	314	520626
2624	沿河土家族自治县	314	520627
2625	松桃苗族自治县	314	520628
315	黔西南布依族苗族自治州	24	522300
2626	兴义市	315	522301
2627	兴仁市	315	522302
2628	普安县	315	522323
2629	晴隆县	315	522324
2630	贞丰县	315	522325
2631	望谟县	315	522326
2632	册亨县	315	522327
2633	安龙县	315	522328
316	黔东南苗族侗族自治州	24	522600
2634	凯里市	316	522601
2635	黄平县	316	522622
2636	施秉县	316	522623
2637	三穗县	316	522624
2638	镇远县	316	522625
2639	岑巩县	316	522626
2640	天柱县	316	522627
2641	锦屏县	316	522628
2642	剑河县	316	522629
2643	台江县	316	522630
2644	黎平县	316	522631
2645	榕江县	316	522632
2646	从江县	316	522633
2647	雷山县	316	522634
2648	麻江县	316	522635
2649	丹寨县	316	522636
317	黔南布依族苗族自治州	24	522700
2650	都匀市	317	522701
2651	福泉市	317	522702
2652	荔波县	317	522722
2653	贵定县	317	522723
2654	瓮安县	317	522725
2655	独山县	317	522726
2656	平塘县	317	522727
2657	罗甸县	317	522728
2658	长顺县	317	522729
2659	龙里县	317	522730
2660	惠水县	317	522731
2661	三都水族自治县	317	522732
25	云南省	-1	530000
318	昆明市	25	530100
2662	五华区	318	530102
2663	盘龙区	318	530103
2664	官渡区	318	530111
2665	西山区	318	530112
2666	东川区	318	530113
2667	呈贡区	318	530114
2668	晋宁区	318	530115
2669	富民县	318	530124
2670	宜良县	318	530125
2671	石林彝族自治县	318	530126
2672	嵩明县	318	530127
2673	禄劝彝族苗族自治县	318	530128
2674	寻甸回族彝族自治县	318	530129
2675	安宁市	318	530181
319	曲靖市	25	530300
2676	麒麟区	319	530302
2677	沾益区	319	530303
2678	马龙区	319	530304
2679	陆良县	319	530322
2680	师宗县	319	530323
2681	罗平县	319	530324
2682	富源县	319	530325
2683	会泽县	319	530326
2684	宣威市	319	530381
320	玉溪市	25	530400
2685	红塔区	320	530402
2686	江川区	320	530403
2687	澄江县	320	530422
2688	通海县	320	530423
2689	华宁县	320	530424
2690	易门县	320	530425
2691	峨山彝族自治县	320	530426
2692	新平彝族傣族自治县	320	530427
2693	元江哈尼族彝族傣族自治县	320	530428
321	保山市	25	530500
2694	隆阳区	321	530502
2695	施甸县	321	530521
2696	龙陵县	321	530523
2697	昌宁县	321	530524
2698	腾冲市	321	530581
322	昭通市	25	530600
2699	昭阳区	322	530602
2700	鲁甸县	322	530621
2701	巧家县	322	530622
2702	盐津县	322	530623
2703	大关县	322	530624
2704	永善县	322	530625
2705	绥江县	322	530626
2706	镇雄县	322	530627
2707	彝良县	322	530628
2708	威信县	322	530629
2709	水富市	322	530681
323	丽江市	25	530700
2710	古城区	323	530702
2711	玉龙纳西族自治县	323	530721
2712	永胜县	323	530722
2713	华坪县	323	530723
2714	宁蒗彝族自治县	323	530724
324	普洱市	25	530800
2715	思茅区	324	530802
2716	宁洱哈尼族彝族自治县	324	530821
2717	墨江哈尼族自治县	324	530822
2718	景东彝族自治县	324	530823
2719	景谷傣族彝族自治县	324	530824
2720	镇沅彝族哈尼族拉祜族自治县	324	530825
2721	江城哈尼族彝族自治县	324	530826
2722	孟连傣族拉祜族佤族自治县	324	530827
2723	澜沧拉祜族自治县	324	530828
2724	西盟佤族自治县	324	530829
325	临沧市	25	530900
2725	临翔区	325	530902
2726	凤庆县	325	530921
2727	云县	325	530922
2728	永德县	325	530923
2729	镇康县	325	530924
2730	双江拉祜族佤族布朗族傣族自治县	325	530925
2731	耿马傣族佤族自治县	325	530926
2732	沧源佤族自治县	325	530927
326	楚雄彝族自治州	25	532300
2733	楚雄市	326	532301
2734	双柏县	326	532322
2735	牟定县	326	532323
2736	南华县	326	532324
2737	姚安县	326	532325
2738	大姚县	326	532326
2739	永仁县	326	532327
2740	元谋县	326	532328
2741	武定县	326	532329
2742	禄丰县	326	532331
327	红河哈尼族彝族自治州	25	532500
2743	个旧市	327	532501
2744	开远市	327	532502
2745	蒙自市	327	532503
2746	弥勒市	327	532504
2747	屏边苗族自治县	327	532523
2748	建水县	327	532524
2749	石屏县	327	532525
2750	泸西县	327	532527
2751	元阳县	327	532528
2752	红河县	327	532529
2753	金平苗族瑶族傣族自治县	327	532530
2754	绿春县	327	532531
2755	河口瑶族自治县	327	532532
328	文山壮族苗族自治州	25	532600
2756	文山市	328	532601
2757	砚山县	328	532622
2758	西畴县	328	532623
2759	麻栗坡县	328	532624
2760	马关县	328	532625
2761	丘北县	328	532626
2762	广南县	328	532627
2763	富宁县	328	532628
329	西双版纳傣族自治州	25	532800
2764	景洪市	329	532801
2765	勐海县	329	532822
2766	勐腊县	329	532823
330	大理白族自治州	25	532900
2767	大理市	330	532901
2768	漾濞彝族自治县	330	532922
2769	祥云县	330	532923
2770	宾川县	330	532924
2771	弥渡县	330	532925
2772	南涧彝族自治县	330	532926
2773	巍山彝族回族自治县	330	532927
2774	永平县	330	532928
2775	云龙县	330	532929
2776	洱源县	330	532930
2777	剑川县	330	532931
2778	鹤庆县	330	532932
331	德宏傣族景颇族自治州	25	533100
2779	瑞丽市	331	533102
2780	芒市	331	533103
2781	梁河县	331	533122
2782	盈江县	331	533123
2783	陇川县	331	533124
332	怒江傈僳族自治州	25	533300
2784	泸水市	332	533301
2785	福贡县	332	533323
2786	贡山独龙族怒族自治县	332	533324
2787	兰坪白族普米族自治县	332	533325
333	迪庆藏族自治州	25	533400
2788	香格里拉市	333	533401
2789	德钦县	333	533422
2790	维西傈僳族自治县	333	533423
26	西藏自治区	-1	540000
334	拉萨市	26	540100
2791	城关区	334	540102
2792	堆龙德庆区	334	540103
2793	达孜区	334	540104
2794	林周县	334	540121
2795	当雄县	334	540122
2796	尼木县	334	540123
2797	曲水县	334	540124
2798	墨竹工卡县	334	540127
335	日喀则市	26	540200
2799	桑珠孜区	335	540202
2800	南木林县	335	540221
2801	江孜县	335	540222
2802	定日县	335	540223
2803	萨迦县	335	540224
2804	拉孜县	335	540225
2805	昂仁县	335	540226
2806	谢通门县	335	540227
2807	白朗县	335	540228
2808	仁布县	335	540229
2809	康马县	335	540230
2810	定结县	335	540231
2811	仲巴县	335	540232
2812	亚东县	335	540233
2813	吉隆县	335	540234
2814	聂拉木县	335	540235
2815	萨嘎县	335	540236
2816	岗巴县	335	540237
336	昌都市	26	540300
2817	卡若区	336	540302
2818	江达县	336	540321
2819	贡觉县	336	540322
2820	类乌齐县	336	540323
2821	丁青县	336	540324
2822	察雅县	336	540325
2823	八宿县	336	540326
2824	左贡县	336	540327
2825	芒康县	336	540328
2826	洛隆县	336	540329
2827	边坝县	336	540330
337	林芝市	26	540400
2828	巴宜区	337	540402
2829	工布江达县	337	540421
2830	米林县	337	540422
2831	墨脱县	337	540423
2832	波密县	337	540424
2833	察隅县	337	540425
2834	朗县	337	540426
338	山南市	26	540500
2835	乃东区	338	540502
2836	扎囊县	338	540521
2837	贡嘎县	338	540522
2838	桑日县	338	540523
2839	琼结县	338	540524
2840	曲松县	338	540525
2841	措美县	338	540526
2842	洛扎县	338	540527
2843	加查县	338	540528
2844	隆子县	338	540529
2845	错那县	338	540530
2846	浪卡子县	338	540531
339	那曲市	26	540600
2847	色尼区	339	540602
2848	嘉黎县	339	540621
2849	比如县	339	540622
2850	聂荣县	339	540623
2851	安多县	339	540624
2852	申扎县	339	540625
2853	索县	339	540626
2854	班戈县	339	540627
2855	巴青县	339	540628
2856	尼玛县	339	540629
2857	双湖县	339	540630
340	阿里地区	26	542500
2858	普兰县	340	542521
2859	札达县	340	542522
2860	噶尔县	340	542523
2861	日土县	340	542524
2862	革吉县	340	542525
2863	改则县	340	542526
2864	措勤县	340	542527
27	陕西省	-1	610000
341	西安市	27	610100
2865	新城区	341	610102
2866	碑林区	341	610103
2867	莲湖区	341	610104
2868	灞桥区	341	610111
2869	未央区	341	610112
2870	雁塔区	341	610113
2871	阎良区	341	610114
2872	临潼区	341	610115
2873	长安区	341	610116
2874	高陵区	341	610117
2875	鄠邑区	341	610118
2876	蓝田县	341	610122
2877	周至县	341	610124
342	铜川市	27	610200
2878	王益区	342	610202
2879	印台区	342	610203
2880	耀州区	342	610204
2881	宜君县	342	610222
343	宝鸡市	27	610300
2882	渭滨区	343	610302
2883	金台区	343	610303
2884	陈仓区	343	610304
2885	凤翔县	343	610322
2886	岐山县	343	610323
2887	扶风县	343	610324
2888	眉县	343	610326
2889	陇县	343	610327
2890	千阳县	343	610328
2891	麟游县	343	610329
2892	凤县	343	610330
2893	太白县	343	610331
344	咸阳市	27	610400
2894	秦都区	344	610402
2895	杨陵区	344	610403
2896	渭城区	344	610404
2897	三原县	344	610422
2898	泾阳县	344	610423
2899	乾县	344	610424
2900	礼泉县	344	610425
2901	永寿县	344	610426
2902	长武县	344	610428
2903	旬邑县	344	610429
2904	淳化县	344	610430
2905	武功县	344	610431
2906	兴平市	344	610481
2907	彬州市	344	610482
345	渭南市	27	610500
2908	临渭区	345	610502
2909	华州区	345	610503
2910	潼关县	345	610522
2911	大荔县	345	610523
2912	合阳县	345	610524
2913	澄城县	345	610525
2914	蒲城县	345	610526
2915	白水县	345	610527
2916	富平县	345	610528
2917	韩城市	345	610581
2918	华阴市	345	610582
346	延安市	27	610600
2919	宝塔区	346	610602
2920	安塞区	346	610603
2921	延长县	346	610621
2922	延川县	346	610622
2923	子长县	346	610623
2924	志丹县	346	610625
2925	吴起县	346	610626
2926	甘泉县	346	610627
2927	富县	346	610628
2928	洛川县	346	610629
2929	宜川县	346	610630
2930	黄龙县	346	610631
2931	黄陵县	346	610632
347	汉中市	27	610700
2932	汉台区	347	610702
2933	南郑区	347	610703
2934	城固县	347	610722
2935	洋县	347	610723
2936	西乡县	347	610724
2937	勉县	347	610725
2938	宁强县	347	610726
2939	略阳县	347	610727
2940	镇巴县	347	610728
2941	留坝县	347	610729
2942	佛坪县	347	610730
348	榆林市	27	610800
2943	榆阳区	348	610802
2944	横山区	348	610803
2945	府谷县	348	610822
2946	靖边县	348	610824
2947	定边县	348	610825
2948	绥德县	348	610826
2949	米脂县	348	610827
2950	佳县	348	610828
2951	吴堡县	348	610829
2952	清涧县	348	610830
2953	子洲县	348	610831
2954	神木市	348	610881
349	安康市	27	610900
2955	汉滨区	349	610902
2956	汉阴县	349	610921
2957	石泉县	349	610922
2958	宁陕县	349	610923
2959	紫阳县	349	610924
2960	岚皋县	349	610925
2961	平利县	349	610926
2962	镇坪县	349	610927
2963	旬阳县	349	610928
2964	白河县	349	610929
350	商洛市	27	611000
2965	商州区	350	611002
2966	洛南县	350	611021
2967	丹凤县	350	611022
2968	商南县	350	611023
2969	山阳县	350	611024
2970	镇安县	350	611025
2971	柞水县	350	611026
28	甘肃省	-1	620000
351	兰州市	28	620100
2972	城关区	351	620102
2973	七里河区	351	620103
2974	西固区	351	620104
2975	安宁区	351	620105
2976	红古区	351	620111
2977	永登县	351	620121
2978	皋兰县	351	620122
2979	榆中县	351	620123
352	嘉峪关市	28	620200
353	金昌市	28	620300
2980	金川区	353	620302
2981	永昌县	353	620321
354	白银市	28	620400
2982	白银区	354	620402
2983	平川区	354	620403
2984	靖远县	354	620421
2985	会宁县	354	620422
2986	景泰县	354	620423
355	天水市	28	620500
2987	秦州区	355	620502
2988	麦积区	355	620503
2989	清水县	355	620521
2990	秦安县	355	620522
2991	甘谷县	355	620523
2992	武山县	355	620524
2993	张家川回族自治县	355	620525
356	武威市	28	620600
2994	凉州区	356	620602
2995	民勤县	356	620621
2996	古浪县	356	620622
2997	天祝藏族自治县	356	620623
357	张掖市	28	620700
2998	甘州区	357	620702
2999	肃南裕固族自治县	357	620721
3000	民乐县	357	620722
3001	临泽县	357	620723
3002	高台县	357	620724
3003	山丹县	357	620725
358	平凉市	28	620800
3004	崆峒区	358	620802
3005	泾川县	358	620821
3006	灵台县	358	620822
3007	崇信县	358	620823
3008	庄浪县	358	620825
3009	静宁县	358	620826
3010	华亭市	358	620881
359	酒泉市	28	620900
3011	肃州区	359	620902
3012	金塔县	359	620921
3013	瓜州县	359	620922
3014	肃北蒙古族自治县	359	620923
3015	阿克塞哈萨克族自治县	359	620924
3016	玉门市	359	620981
3017	敦煌市	359	620982
360	庆阳市	28	621000
3018	西峰区	360	621002
3019	庆城县	360	621021
3020	环县	360	621022
3021	华池县	360	621023
3022	合水县	360	621024
3023	正宁县	360	621025
3024	宁县	360	621026
3025	镇原县	360	621027
361	定西市	28	621100
3026	安定区	361	621102
3027	通渭县	361	621121
3028	陇西县	361	621122
3029	渭源县	361	621123
3030	临洮县	361	621124
3031	漳县	361	621125
3032	岷县	361	621126
362	陇南市	28	621200
3033	武都区	362	621202
3034	成县	362	621221
3035	文县	362	621222
3036	宕昌县	362	621223
3037	康县	362	621224
3038	西和县	362	621225
3039	礼县	362	621226
3040	徽县	362	621227
3041	两当县	362	621228
363	临夏回族自治州	28	622900
3042	临夏市	363	622901
3043	临夏县	363	622921
3044	康乐县	363	622922
3045	永靖县	363	622923
3046	广河县	363	622924
3047	和政县	363	622925
3048	东乡族自治县	363	622926
3049	积石山保安族东乡族撒拉族自治县	363	622927
364	甘南藏族自治州	28	623000
3050	合作市	364	623001
3051	临潭县	364	623021
3052	卓尼县	364	623022
3053	舟曲县	364	623023
3054	迭部县	364	623024
3055	玛曲县	364	623025
3056	碌曲县	364	623026
3057	夏河县	364	623027
29	青海省	-1	630000
365	西宁市	29	630100
3058	城东区	365	630102
3059	城中区	365	630103
3060	城西区	365	630104
3061	城北区	365	630105
3062	大通回族土族自治县	365	630121
3063	湟中县	365	630122
3064	湟源县	365	630123
366	海东市	29	630200
3065	乐都区	366	630202
3066	平安区	366	630203
3067	民和回族土族自治县	366	630222
3068	互助土族自治县	366	630223
3069	化隆回族自治县	366	630224
3070	循化撒拉族自治县	366	630225
367	海北藏族自治州	29	632200
3071	门源回族自治县	367	632221
3072	祁连县	367	632222
3073	海晏县	367	632223
3074	刚察县	367	632224
368	黄南藏族自治州	29	632300
3075	同仁县	368	632321
3076	尖扎县	368	632322
3077	泽库县	368	632323
3078	河南蒙古族自治县	368	632324
369	海南藏族自治州	29	632500
3079	共和县	369	632521
3080	同德县	369	632522
3081	贵德县	369	632523
3082	兴海县	369	632524
3083	贵南县	369	632525
370	果洛藏族自治州	29	632600
3084	玛沁县	370	632621
3085	班玛县	370	632622
3086	甘德县	370	632623
3087	达日县	370	632624
3088	久治县	370	632625
3089	玛多县	370	632626
371	玉树藏族自治州	29	632700
3090	玉树市	371	632701
3091	杂多县	371	632722
3092	称多县	371	632723
3093	治多县	371	632724
3094	囊谦县	371	632725
3095	曲麻莱县	371	632726
372	海西蒙古族藏族自治州	29	632800
3096	格尔木市	372	632801
3097	德令哈市	372	632802
3098	茫崖市	372	632803
3099	乌兰县	372	632821
3100	都兰县	372	632822
3101	天峻县	372	632823
30	宁夏回族自治区	-1	640000
373	银川市	30	640100
3102	兴庆区	373	640104
3103	西夏区	373	640105
3104	金凤区	373	640106
3105	永宁县	373	640121
3106	贺兰县	373	640122
3107	灵武市	373	640181
374	石嘴山市	30	640200
3108	大武口区	374	640202
3109	惠农区	374	640205
3110	平罗县	374	640221
375	吴忠市	30	640300
3111	利通区	375	640302
3112	红寺堡区	375	640303
3113	盐池县	375	640323
3114	同心县	375	640324
3115	青铜峡市	375	640381
376	固原市	30	640400
3116	原州区	376	640402
3117	西吉县	376	640422
3118	隆德县	376	640423
3119	泾源县	376	640424
3120	彭阳县	376	640425
377	中卫市	30	640500
3121	沙坡头区	377	640502
3122	中宁县	377	640521
3123	海原县	377	640522
31	新疆维吾尔自治区	-1	650000
378	乌鲁木齐市	31	650100
3124	天山区	378	650102
3125	沙依巴克区	378	650103
3126	新市区	378	650104
3127	水磨沟区	378	650105
3128	头屯河区	378	650106
3129	达坂城区	378	650107
3130	米东区	378	650109
3131	乌鲁木齐县	378	650121
379	克拉玛依市	31	650200
3132	独山子区	379	650202
3133	克拉玛依区	379	650203
3134	白碱滩区	379	650204
3135	乌尔禾区	379	650205
380	吐鲁番市	31	650400
3136	高昌区	380	650402
3137	鄯善县	380	650421
3138	托克逊县	380	650422
381	哈密市	31	650500
3139	伊州区	381	650502
3140	巴里坤哈萨克自治县	381	650521
3141	伊吾县	381	650522
382	昌吉回族自治州	31	652300
3142	昌吉市	382	652301
3143	阜康市	382	652302
3144	呼图壁县	382	652323
3145	玛纳斯县	382	652324
3146	奇台县	382	652325
3147	吉木萨尔县	382	652327
3148	木垒哈萨克自治县	382	652328
383	博尔塔拉蒙古自治州	31	652700
3149	博乐市	383	652701
3150	阿拉山口市	383	652702
3151	精河县	383	652722
3152	温泉县	383	652723
384	巴音郭楞蒙古自治州	31	652800
3153	库尔勒市	384	652801
3154	轮台县	384	652822
3155	尉犁县	384	652823
3156	若羌县	384	652824
3157	且末县	384	652825
3158	焉耆回族自治县	384	652826
3159	和静县	384	652827
3160	和硕县	384	652828
3161	博湖县	384	652829
385	阿克苏地区	31	652900
3162	阿克苏市	385	652901
3163	温宿县	385	652922
3164	库车县	385	652923
3165	沙雅县	385	652924
3166	新和县	385	652925
3167	拜城县	385	652926
3168	乌什县	385	652927
3169	阿瓦提县	385	652928
3170	柯坪县	385	652929
386	克孜勒苏柯尔克孜自治州	31	653000
3171	阿图什市	386	653001
3172	阿克陶县	386	653022
3173	阿合奇县	386	653023
3174	乌恰县	386	653024
387	喀什地区	31	653100
3175	喀什市	387	653101
3176	疏附县	387	653121
3177	疏勒县	387	653122
3178	英吉沙县	387	653123
3179	泽普县	387	653124
3180	莎车县	387	653125
3181	叶城县	387	653126
3182	麦盖提县	387	653127
3183	岳普湖县	387	653128
3184	伽师县	387	653129
3185	巴楚县	387	653130
3186	塔什库尔干塔吉克自治县	387	653131
388	和田地区	31	653200
3187	和田市	388	653201
3188	和田县	388	653221
3189	墨玉县	388	653222
3190	皮山县	388	653223
3191	洛浦县	388	653224
3192	策勒县	388	653225
3193	于田县	388	653226
3194	民丰县	388	653227
389	伊犁哈萨克自治州	31	654000
3195	伊宁市	389	654002
3196	奎屯市	389	654003
3197	霍尔果斯市	389	654004
3198	伊宁县	389	654021
3199	察布查尔锡伯自治县	389	654022
3200	霍城县	389	654023
3201	巩留县	389	654024
3202	新源县	389	654025
3203	昭苏县	389	654026
3204	特克斯县	389	654027
3205	尼勒克县	389	654028
390	塔城地区	31	654200
3206	塔城市	390	654201
3207	乌苏市	390	654202
3208	额敏县	390	654221
3209	沙湾县	390	654223
3210	托里县	390	654224
3211	裕民县	390	654225
3212	和布克赛尔蒙古自治县	390	654226
391	阿勒泰地区	31	654300
3213	阿勒泰市	391	654301
3214	布尔津县	391	654321
3215	富蕴县	391	654322
3216	福海县	391	654323
3217	哈巴河县	391	654324
3218	青河县	391	654325
3219	吉木乃县	391	654326
392	石河子市	31	659001
393	阿拉尔市	31	659002
394	图木舒克市	31	659003
395	五家渠市	31	659004
396	北屯市	31	659005
397	铁门关市	31	659006
398	双河市	31	659007
399	可克达拉市	31	659008
400	昆玉市	31	659009
32	台湾省	-1	710000
401	台湾省	32	710000
33	香港特别行政区	-1	810000
402	香港特别行政区	33	810000
34	澳门特别行政区	-1	820000
403	澳门特别行政区	34	820000
